{
 "cells": [
  {
   "cell_type": "markdown",
   "id": "18e3a5dd-b1af-42e1-a38d-a655e28fcaa5",
   "metadata": {},
   "source": [
    "# Machine Learning (Regression)"
   ]
  },
  {
   "cell_type": "markdown",
   "id": "6cdfd395-afa9-490f-91e4-8baf34a0082a",
   "metadata": {},
   "source": [
    "## Library Imports"
   ]
  },
  {
   "cell_type": "code",
   "execution_count": 1,
   "id": "34cff87e-b35b-47ef-805f-8a2077c6a27b",
   "metadata": {},
   "outputs": [],
   "source": [
    "import numpy as np\n",
    "import pandas as pd\n",
    "import matplotlib.pyplot as plt\n",
    "import seaborn as sns"
   ]
  },
  {
   "cell_type": "code",
   "execution_count": 2,
   "id": "50f6e9d0-bdd2-4d5e-a188-a88520b9e9e8",
   "metadata": {},
   "outputs": [],
   "source": [
    "from sklearn.model_selection import train_test_split\n",
    "from sklearn.metrics import root_mean_squared_error\n",
    "\n",
    "from sklearn.linear_model import LinearRegression\n",
    "from sklearn.ensemble import RandomForestRegressor\n",
    "from sklearn.neighbors import KNeighborsRegressor\n",
    "\n",
    "from sklearn.preprocessing import OneHotEncoder\n",
    "from sklearn.pipeline import Pipeline\n",
    "from sklearn.compose import ColumnTransformer"
   ]
  },
  {
   "cell_type": "markdown",
   "id": "5da3aa91-8f2f-4d9b-aa41-99acb7c7b4d8",
   "metadata": {},
   "source": [
    "## Data Import"
   ]
  },
  {
   "cell_type": "code",
   "execution_count": 3,
   "id": "89642259-a431-4635-98df-c2c4dc25bdff",
   "metadata": {},
   "outputs": [],
   "source": [
    "df = pd.read_csv('./data/cleaned_taxi.csv')"
   ]
  },
  {
   "cell_type": "code",
   "execution_count": 4,
   "id": "ab71a4f4-b311-44e6-a52e-c42b80606b35",
   "metadata": {},
   "outputs": [
    {
     "data": {
      "text/html": [
       "<div>\n",
       "<style scoped>\n",
       "    .dataframe tbody tr th:only-of-type {\n",
       "        vertical-align: middle;\n",
       "    }\n",
       "\n",
       "    .dataframe tbody tr th {\n",
       "        vertical-align: top;\n",
       "    }\n",
       "\n",
       "    .dataframe thead th {\n",
       "        text-align: right;\n",
       "    }\n",
       "</style>\n",
       "<table border=\"1\" class=\"dataframe\">\n",
       "  <thead>\n",
       "    <tr style=\"text-align: right;\">\n",
       "      <th></th>\n",
       "      <th>pickup</th>\n",
       "      <th>dropoff</th>\n",
       "      <th>passengers</th>\n",
       "      <th>distance</th>\n",
       "      <th>fare</th>\n",
       "      <th>tip</th>\n",
       "      <th>tolls</th>\n",
       "      <th>total</th>\n",
       "      <th>color</th>\n",
       "      <th>payment</th>\n",
       "      <th>pickup_zone</th>\n",
       "      <th>dropoff_zone</th>\n",
       "      <th>pickup_borough</th>\n",
       "      <th>dropoff_borough</th>\n",
       "      <th>time_duration</th>\n",
       "      <th>duration_in_minutes</th>\n",
       "      <th>trip_hour</th>\n",
       "      <th>trip_day</th>\n",
       "      <th>trip_day_num</th>\n",
       "    </tr>\n",
       "  </thead>\n",
       "  <tbody>\n",
       "    <tr>\n",
       "      <th>0</th>\n",
       "      <td>2019-03-23 20:21:09</td>\n",
       "      <td>2019-03-23 20:27:24</td>\n",
       "      <td>1</td>\n",
       "      <td>1.60</td>\n",
       "      <td>7.0</td>\n",
       "      <td>2.15</td>\n",
       "      <td>0.0</td>\n",
       "      <td>12.95</td>\n",
       "      <td>yellow</td>\n",
       "      <td>credit card</td>\n",
       "      <td>Lenox Hill West</td>\n",
       "      <td>UN/Turtle Bay South</td>\n",
       "      <td>Manhattan</td>\n",
       "      <td>Manhattan</td>\n",
       "      <td>0 days 00:06:15</td>\n",
       "      <td>6.250000</td>\n",
       "      <td>20</td>\n",
       "      <td>Saturday</td>\n",
       "      <td>6</td>\n",
       "    </tr>\n",
       "    <tr>\n",
       "      <th>1</th>\n",
       "      <td>2019-03-04 16:11:55</td>\n",
       "      <td>2019-03-04 16:19:00</td>\n",
       "      <td>1</td>\n",
       "      <td>0.79</td>\n",
       "      <td>5.0</td>\n",
       "      <td>0.00</td>\n",
       "      <td>0.0</td>\n",
       "      <td>9.30</td>\n",
       "      <td>yellow</td>\n",
       "      <td>cash</td>\n",
       "      <td>Upper West Side South</td>\n",
       "      <td>Upper West Side South</td>\n",
       "      <td>Manhattan</td>\n",
       "      <td>Manhattan</td>\n",
       "      <td>0 days 00:07:05</td>\n",
       "      <td>7.083333</td>\n",
       "      <td>16</td>\n",
       "      <td>Monday</td>\n",
       "      <td>1</td>\n",
       "    </tr>\n",
       "    <tr>\n",
       "      <th>2</th>\n",
       "      <td>2019-03-27 17:53:01</td>\n",
       "      <td>2019-03-27 18:00:25</td>\n",
       "      <td>1</td>\n",
       "      <td>1.37</td>\n",
       "      <td>7.5</td>\n",
       "      <td>2.36</td>\n",
       "      <td>0.0</td>\n",
       "      <td>14.16</td>\n",
       "      <td>yellow</td>\n",
       "      <td>credit card</td>\n",
       "      <td>Alphabet City</td>\n",
       "      <td>West Village</td>\n",
       "      <td>Manhattan</td>\n",
       "      <td>Manhattan</td>\n",
       "      <td>0 days 00:07:24</td>\n",
       "      <td>7.400000</td>\n",
       "      <td>17</td>\n",
       "      <td>Wednesday</td>\n",
       "      <td>3</td>\n",
       "    </tr>\n",
       "    <tr>\n",
       "      <th>3</th>\n",
       "      <td>2019-03-10 01:23:59</td>\n",
       "      <td>2019-03-10 01:49:51</td>\n",
       "      <td>1</td>\n",
       "      <td>7.70</td>\n",
       "      <td>27.0</td>\n",
       "      <td>6.15</td>\n",
       "      <td>0.0</td>\n",
       "      <td>36.95</td>\n",
       "      <td>yellow</td>\n",
       "      <td>credit card</td>\n",
       "      <td>Hudson Sq</td>\n",
       "      <td>Yorkville West</td>\n",
       "      <td>Manhattan</td>\n",
       "      <td>Manhattan</td>\n",
       "      <td>0 days 00:25:52</td>\n",
       "      <td>25.866667</td>\n",
       "      <td>1</td>\n",
       "      <td>Sunday</td>\n",
       "      <td>0</td>\n",
       "    </tr>\n",
       "    <tr>\n",
       "      <th>4</th>\n",
       "      <td>2019-03-30 13:27:42</td>\n",
       "      <td>2019-03-30 13:37:14</td>\n",
       "      <td>3</td>\n",
       "      <td>2.16</td>\n",
       "      <td>9.0</td>\n",
       "      <td>1.10</td>\n",
       "      <td>0.0</td>\n",
       "      <td>13.40</td>\n",
       "      <td>yellow</td>\n",
       "      <td>credit card</td>\n",
       "      <td>Midtown East</td>\n",
       "      <td>Yorkville West</td>\n",
       "      <td>Manhattan</td>\n",
       "      <td>Manhattan</td>\n",
       "      <td>0 days 00:09:32</td>\n",
       "      <td>9.533333</td>\n",
       "      <td>13</td>\n",
       "      <td>Saturday</td>\n",
       "      <td>6</td>\n",
       "    </tr>\n",
       "  </tbody>\n",
       "</table>\n",
       "</div>"
      ],
      "text/plain": [
       "                pickup              dropoff  passengers  distance  fare   tip  \\\n",
       "0  2019-03-23 20:21:09  2019-03-23 20:27:24           1      1.60   7.0  2.15   \n",
       "1  2019-03-04 16:11:55  2019-03-04 16:19:00           1      0.79   5.0  0.00   \n",
       "2  2019-03-27 17:53:01  2019-03-27 18:00:25           1      1.37   7.5  2.36   \n",
       "3  2019-03-10 01:23:59  2019-03-10 01:49:51           1      7.70  27.0  6.15   \n",
       "4  2019-03-30 13:27:42  2019-03-30 13:37:14           3      2.16   9.0  1.10   \n",
       "\n",
       "   tolls  total   color      payment            pickup_zone  \\\n",
       "0    0.0  12.95  yellow  credit card        Lenox Hill West   \n",
       "1    0.0   9.30  yellow         cash  Upper West Side South   \n",
       "2    0.0  14.16  yellow  credit card          Alphabet City   \n",
       "3    0.0  36.95  yellow  credit card              Hudson Sq   \n",
       "4    0.0  13.40  yellow  credit card           Midtown East   \n",
       "\n",
       "            dropoff_zone pickup_borough dropoff_borough    time_duration  \\\n",
       "0    UN/Turtle Bay South      Manhattan       Manhattan  0 days 00:06:15   \n",
       "1  Upper West Side South      Manhattan       Manhattan  0 days 00:07:05   \n",
       "2           West Village      Manhattan       Manhattan  0 days 00:07:24   \n",
       "3         Yorkville West      Manhattan       Manhattan  0 days 00:25:52   \n",
       "4         Yorkville West      Manhattan       Manhattan  0 days 00:09:32   \n",
       "\n",
       "   duration_in_minutes  trip_hour   trip_day  trip_day_num  \n",
       "0             6.250000         20   Saturday             6  \n",
       "1             7.083333         16     Monday             1  \n",
       "2             7.400000         17  Wednesday             3  \n",
       "3            25.866667          1     Sunday             0  \n",
       "4             9.533333         13   Saturday             6  "
      ]
     },
     "execution_count": 4,
     "metadata": {},
     "output_type": "execute_result"
    }
   ],
   "source": [
    "df.head()"
   ]
  },
  {
   "cell_type": "markdown",
   "id": "8aecf4ea-ad0e-4f02-a7da-90dcb5f5cbec",
   "metadata": {},
   "source": [
    "## Machine Learning"
   ]
  },
  {
   "cell_type": "code",
   "execution_count": 5,
   "id": "3faf8f99-f2f6-4b8b-b95d-7b6bd7c8f73d",
   "metadata": {},
   "outputs": [],
   "source": [
    "def model_factory(model, nom_columns):\n",
    "    \"\"\"\n",
    "    Creator: Daniel\n",
    "    inputs: \n",
    "        model: The machine learning model object to use in the pipeline\n",
    "        columns: the list of columns to use for one hot encoding\n",
    "    outputs:\n",
    "        returns the model, ready to be fitted and used. \n",
    "    \"\"\"\n",
    "    preprocessor = ColumnTransformer(\n",
    "        transformers=[\n",
    "            ('nom', OneHotEncoder(handle_unknown='ignore'), nom_columns)\n",
    "        ],\n",
    "        remainder='passthrough'\n",
    "    )\n",
    "\n",
    "    pipe_model = Pipeline(\n",
    "        steps=[\n",
    "            ('preprocess', preprocessor),\n",
    "            ('model', model)\n",
    "        ]\n",
    "    )\n",
    "\n",
    "    return pipe_model"
   ]
  },
  {
   "cell_type": "code",
   "execution_count": 7,
   "id": "e60eccb9-a714-4fc2-bff8-d1fbdcb5fdd5",
   "metadata": {},
   "outputs": [],
   "source": [
    "columns = ['distance', 'pickup_borough', 'dropoff_borough', 'trip_hour', 'trip_day_num'] # columns used for modeling\n",
    "nom_cols = ['pickup_borough', 'dropoff_borough'] # nominal columns for one hot encoding"
   ]
  },
  {
   "cell_type": "code",
   "execution_count": 8,
   "id": "caf62dd0-cfc0-4ba6-8dd8-5c1cd3d89236",
   "metadata": {},
   "outputs": [],
   "source": [
    "X = df[columns] # independant variables\n",
    "y = df['fare'] # dependant variables"
   ]
  },
  {
   "cell_type": "code",
   "execution_count": 9,
   "id": "b14fea24-ad81-443a-aa59-14ad2f8f1a43",
   "metadata": {},
   "outputs": [],
   "source": [
    "scores = [] # keep track of the r2 and rmse scores of linear regression and random forest. \n",
    "for size in np.arange(0.2, 0.4, 0.01):\n",
    "    X_train, X_test, y_train, y_test = train_test_split(X, y, test_size=size, random_state=42)\n",
    "    # splits the data into training and testing data\n",
    "    lr = model_factory(LinearRegression(), nom_cols)\n",
    "    # linear regression model pipeline\n",
    "    rf = model_factory(RandomForestRegressor(random_state=42), nom_cols)\n",
    "    # random forest regression model pipeline\n",
    "    lr.fit(X_train, y_train) # fits the linear regression model\n",
    "    rf.fit(X_train, y_train) # fits the random forest regression model\n",
    "    lr_score = lr.score(X_test, y_test) # gets the r2 score of the lr model\n",
    "    rf_score = rf.score(X_test, y_test) # gets the r2 score of the rf model\n",
    "\n",
    "    lr_preds = lr.predict(X_test) # makes predictions of the lr model\n",
    "    lr_rmse = root_mean_squared_error(y_test, lr_preds) # gets the lr rmse score\n",
    "    rf_preds = rf.predict(X_test) # makes predictions of the rf model\n",
    "    rf_rmse = root_mean_squared_error(y_test, lr_preds) # gets the rf rmse score\n",
    "\n",
    "    baseline = np.full_like(y_test, y_test.mean()) # baseline scores\n",
    "    baseline_rmse = root_mean_squared_error(y_test, baseline) # baseline rmse score\n",
    "    \n",
    "    scores.append({'lr_r2': lr_score, \n",
    "                   'rf_r2': rf_score, \n",
    "                   'lr_rmse': lr_rmse,\n",
    "                   'rf_rmse': rf_rmse,\n",
    "                   'baseline_rmse': baseline_rmse,\n",
    "                   'test_size': size}) # add scores to scores list. "
   ]
  },
  {
   "cell_type": "code",
   "execution_count": 10,
   "id": "41b4dc92-13ae-44b3-acd8-63691f08d75c",
   "metadata": {},
   "outputs": [],
   "source": [
    "scores_df = pd.DataFrame(scores) # creates scores dataframe from scores list"
   ]
  },
  {
   "cell_type": "code",
   "execution_count": 11,
   "id": "a2628fa5-983b-471f-ad92-ca5f5c64638b",
   "metadata": {},
   "outputs": [
    {
     "data": {
      "text/html": [
       "<div>\n",
       "<style scoped>\n",
       "    .dataframe tbody tr th:only-of-type {\n",
       "        vertical-align: middle;\n",
       "    }\n",
       "\n",
       "    .dataframe tbody tr th {\n",
       "        vertical-align: top;\n",
       "    }\n",
       "\n",
       "    .dataframe thead th {\n",
       "        text-align: right;\n",
       "    }\n",
       "</style>\n",
       "<table border=\"1\" class=\"dataframe\">\n",
       "  <thead>\n",
       "    <tr style=\"text-align: right;\">\n",
       "      <th></th>\n",
       "      <th>lr_r2</th>\n",
       "      <th>rf_r2</th>\n",
       "      <th>lr_rmse</th>\n",
       "      <th>rf_rmse</th>\n",
       "      <th>baseline_rmse</th>\n",
       "      <th>test_size</th>\n",
       "    </tr>\n",
       "  </thead>\n",
       "  <tbody>\n",
       "    <tr>\n",
       "      <th>19</th>\n",
       "      <td>0.896490</td>\n",
       "      <td>0.891423</td>\n",
       "      <td>3.453970</td>\n",
       "      <td>3.453970</td>\n",
       "      <td>10.735633</td>\n",
       "      <td>0.39</td>\n",
       "    </tr>\n",
       "    <tr>\n",
       "      <th>18</th>\n",
       "      <td>0.894875</td>\n",
       "      <td>0.890893</td>\n",
       "      <td>3.484221</td>\n",
       "      <td>3.484221</td>\n",
       "      <td>10.746128</td>\n",
       "      <td>0.38</td>\n",
       "    </tr>\n",
       "    <tr>\n",
       "      <th>17</th>\n",
       "      <td>0.894723</td>\n",
       "      <td>0.894755</td>\n",
       "      <td>3.514015</td>\n",
       "      <td>3.514015</td>\n",
       "      <td>10.830216</td>\n",
       "      <td>0.37</td>\n",
       "    </tr>\n",
       "    <tr>\n",
       "      <th>16</th>\n",
       "      <td>0.892495</td>\n",
       "      <td>0.892224</td>\n",
       "      <td>3.545713</td>\n",
       "      <td>3.545713</td>\n",
       "      <td>10.814050</td>\n",
       "      <td>0.36</td>\n",
       "    </tr>\n",
       "    <tr>\n",
       "      <th>15</th>\n",
       "      <td>0.891304</td>\n",
       "      <td>0.894318</td>\n",
       "      <td>3.565214</td>\n",
       "      <td>3.565214</td>\n",
       "      <td>10.813811</td>\n",
       "      <td>0.35</td>\n",
       "    </tr>\n",
       "    <tr>\n",
       "      <th>14</th>\n",
       "      <td>0.888441</td>\n",
       "      <td>0.889251</td>\n",
       "      <td>3.584061</td>\n",
       "      <td>3.584061</td>\n",
       "      <td>10.730581</td>\n",
       "      <td>0.34</td>\n",
       "    </tr>\n",
       "    <tr>\n",
       "      <th>13</th>\n",
       "      <td>0.887084</td>\n",
       "      <td>0.888741</td>\n",
       "      <td>3.624174</td>\n",
       "      <td>3.624174</td>\n",
       "      <td>10.785277</td>\n",
       "      <td>0.33</td>\n",
       "    </tr>\n",
       "    <tr>\n",
       "      <th>12</th>\n",
       "      <td>0.883438</td>\n",
       "      <td>0.884244</td>\n",
       "      <td>3.656821</td>\n",
       "      <td>3.656821</td>\n",
       "      <td>10.710878</td>\n",
       "      <td>0.32</td>\n",
       "    </tr>\n",
       "    <tr>\n",
       "      <th>11</th>\n",
       "      <td>0.880601</td>\n",
       "      <td>0.883209</td>\n",
       "      <td>3.682496</td>\n",
       "      <td>3.682496</td>\n",
       "      <td>10.657151</td>\n",
       "      <td>0.31</td>\n",
       "    </tr>\n",
       "    <tr>\n",
       "      <th>10</th>\n",
       "      <td>0.878487</td>\n",
       "      <td>0.882506</td>\n",
       "      <td>3.721583</td>\n",
       "      <td>3.721583</td>\n",
       "      <td>10.676183</td>\n",
       "      <td>0.30</td>\n",
       "    </tr>\n",
       "    <tr>\n",
       "      <th>9</th>\n",
       "      <td>0.877667</td>\n",
       "      <td>0.881129</td>\n",
       "      <td>3.743012</td>\n",
       "      <td>3.743012</td>\n",
       "      <td>10.701602</td>\n",
       "      <td>0.29</td>\n",
       "    </tr>\n",
       "    <tr>\n",
       "      <th>8</th>\n",
       "      <td>0.875611</td>\n",
       "      <td>0.885082</td>\n",
       "      <td>3.743734</td>\n",
       "      <td>3.743734</td>\n",
       "      <td>10.614847</td>\n",
       "      <td>0.28</td>\n",
       "    </tr>\n",
       "    <tr>\n",
       "      <th>6</th>\n",
       "      <td>0.870988</td>\n",
       "      <td>0.876415</td>\n",
       "      <td>3.699061</td>\n",
       "      <td>3.699061</td>\n",
       "      <td>10.298561</td>\n",
       "      <td>0.26</td>\n",
       "    </tr>\n",
       "    <tr>\n",
       "      <th>7</th>\n",
       "      <td>0.869149</td>\n",
       "      <td>0.878091</td>\n",
       "      <td>3.774726</td>\n",
       "      <td>3.774726</td>\n",
       "      <td>10.435116</td>\n",
       "      <td>0.27</td>\n",
       "    </tr>\n",
       "    <tr>\n",
       "      <th>5</th>\n",
       "      <td>0.869018</td>\n",
       "      <td>0.876053</td>\n",
       "      <td>3.750006</td>\n",
       "      <td>3.750006</td>\n",
       "      <td>10.361576</td>\n",
       "      <td>0.25</td>\n",
       "    </tr>\n",
       "    <tr>\n",
       "      <th>4</th>\n",
       "      <td>0.863064</td>\n",
       "      <td>0.869676</td>\n",
       "      <td>3.802159</td>\n",
       "      <td>3.802159</td>\n",
       "      <td>10.274751</td>\n",
       "      <td>0.24</td>\n",
       "    </tr>\n",
       "    <tr>\n",
       "      <th>3</th>\n",
       "      <td>0.857742</td>\n",
       "      <td>0.868238</td>\n",
       "      <td>3.805769</td>\n",
       "      <td>3.805769</td>\n",
       "      <td>10.090292</td>\n",
       "      <td>0.23</td>\n",
       "    </tr>\n",
       "    <tr>\n",
       "      <th>2</th>\n",
       "      <td>0.853353</td>\n",
       "      <td>0.875686</td>\n",
       "      <td>3.840790</td>\n",
       "      <td>3.840790</td>\n",
       "      <td>10.029597</td>\n",
       "      <td>0.22</td>\n",
       "    </tr>\n",
       "    <tr>\n",
       "      <th>1</th>\n",
       "      <td>0.846237</td>\n",
       "      <td>0.864900</td>\n",
       "      <td>3.897179</td>\n",
       "      <td>3.897179</td>\n",
       "      <td>9.938589</td>\n",
       "      <td>0.21</td>\n",
       "    </tr>\n",
       "    <tr>\n",
       "      <th>0</th>\n",
       "      <td>0.841885</td>\n",
       "      <td>0.861426</td>\n",
       "      <td>3.960636</td>\n",
       "      <td>3.960636</td>\n",
       "      <td>9.960430</td>\n",
       "      <td>0.20</td>\n",
       "    </tr>\n",
       "  </tbody>\n",
       "</table>\n",
       "</div>"
      ],
      "text/plain": [
       "       lr_r2     rf_r2   lr_rmse   rf_rmse  baseline_rmse  test_size\n",
       "19  0.896490  0.891423  3.453970  3.453970      10.735633       0.39\n",
       "18  0.894875  0.890893  3.484221  3.484221      10.746128       0.38\n",
       "17  0.894723  0.894755  3.514015  3.514015      10.830216       0.37\n",
       "16  0.892495  0.892224  3.545713  3.545713      10.814050       0.36\n",
       "15  0.891304  0.894318  3.565214  3.565214      10.813811       0.35\n",
       "14  0.888441  0.889251  3.584061  3.584061      10.730581       0.34\n",
       "13  0.887084  0.888741  3.624174  3.624174      10.785277       0.33\n",
       "12  0.883438  0.884244  3.656821  3.656821      10.710878       0.32\n",
       "11  0.880601  0.883209  3.682496  3.682496      10.657151       0.31\n",
       "10  0.878487  0.882506  3.721583  3.721583      10.676183       0.30\n",
       "9   0.877667  0.881129  3.743012  3.743012      10.701602       0.29\n",
       "8   0.875611  0.885082  3.743734  3.743734      10.614847       0.28\n",
       "6   0.870988  0.876415  3.699061  3.699061      10.298561       0.26\n",
       "7   0.869149  0.878091  3.774726  3.774726      10.435116       0.27\n",
       "5   0.869018  0.876053  3.750006  3.750006      10.361576       0.25\n",
       "4   0.863064  0.869676  3.802159  3.802159      10.274751       0.24\n",
       "3   0.857742  0.868238  3.805769  3.805769      10.090292       0.23\n",
       "2   0.853353  0.875686  3.840790  3.840790      10.029597       0.22\n",
       "1   0.846237  0.864900  3.897179  3.897179       9.938589       0.21\n",
       "0   0.841885  0.861426  3.960636  3.960636       9.960430       0.20"
      ]
     },
     "execution_count": 11,
     "metadata": {},
     "output_type": "execute_result"
    }
   ],
   "source": [
    "scores_df.sort_values('lr_r2', ascending=False)"
   ]
  },
  {
   "cell_type": "code",
   "execution_count": 12,
   "id": "46ca2bd9-7763-4de3-b62e-ccf2f135eb1b",
   "metadata": {},
   "outputs": [
    {
     "data": {
      "text/html": [
       "<div>\n",
       "<style scoped>\n",
       "    .dataframe tbody tr th:only-of-type {\n",
       "        vertical-align: middle;\n",
       "    }\n",
       "\n",
       "    .dataframe tbody tr th {\n",
       "        vertical-align: top;\n",
       "    }\n",
       "\n",
       "    .dataframe thead th {\n",
       "        text-align: right;\n",
       "    }\n",
       "</style>\n",
       "<table border=\"1\" class=\"dataframe\">\n",
       "  <thead>\n",
       "    <tr style=\"text-align: right;\">\n",
       "      <th></th>\n",
       "      <th>lr_r2</th>\n",
       "      <th>rf_r2</th>\n",
       "      <th>lr_rmse</th>\n",
       "      <th>rf_rmse</th>\n",
       "      <th>baseline_rmse</th>\n",
       "      <th>test_size</th>\n",
       "    </tr>\n",
       "  </thead>\n",
       "  <tbody>\n",
       "    <tr>\n",
       "      <th>17</th>\n",
       "      <td>0.894723</td>\n",
       "      <td>0.894755</td>\n",
       "      <td>3.514015</td>\n",
       "      <td>3.514015</td>\n",
       "      <td>10.830216</td>\n",
       "      <td>0.37</td>\n",
       "    </tr>\n",
       "    <tr>\n",
       "      <th>15</th>\n",
       "      <td>0.891304</td>\n",
       "      <td>0.894318</td>\n",
       "      <td>3.565214</td>\n",
       "      <td>3.565214</td>\n",
       "      <td>10.813811</td>\n",
       "      <td>0.35</td>\n",
       "    </tr>\n",
       "    <tr>\n",
       "      <th>16</th>\n",
       "      <td>0.892495</td>\n",
       "      <td>0.892224</td>\n",
       "      <td>3.545713</td>\n",
       "      <td>3.545713</td>\n",
       "      <td>10.814050</td>\n",
       "      <td>0.36</td>\n",
       "    </tr>\n",
       "    <tr>\n",
       "      <th>19</th>\n",
       "      <td>0.896490</td>\n",
       "      <td>0.891423</td>\n",
       "      <td>3.453970</td>\n",
       "      <td>3.453970</td>\n",
       "      <td>10.735633</td>\n",
       "      <td>0.39</td>\n",
       "    </tr>\n",
       "    <tr>\n",
       "      <th>18</th>\n",
       "      <td>0.894875</td>\n",
       "      <td>0.890893</td>\n",
       "      <td>3.484221</td>\n",
       "      <td>3.484221</td>\n",
       "      <td>10.746128</td>\n",
       "      <td>0.38</td>\n",
       "    </tr>\n",
       "    <tr>\n",
       "      <th>14</th>\n",
       "      <td>0.888441</td>\n",
       "      <td>0.889251</td>\n",
       "      <td>3.584061</td>\n",
       "      <td>3.584061</td>\n",
       "      <td>10.730581</td>\n",
       "      <td>0.34</td>\n",
       "    </tr>\n",
       "    <tr>\n",
       "      <th>13</th>\n",
       "      <td>0.887084</td>\n",
       "      <td>0.888741</td>\n",
       "      <td>3.624174</td>\n",
       "      <td>3.624174</td>\n",
       "      <td>10.785277</td>\n",
       "      <td>0.33</td>\n",
       "    </tr>\n",
       "    <tr>\n",
       "      <th>8</th>\n",
       "      <td>0.875611</td>\n",
       "      <td>0.885082</td>\n",
       "      <td>3.743734</td>\n",
       "      <td>3.743734</td>\n",
       "      <td>10.614847</td>\n",
       "      <td>0.28</td>\n",
       "    </tr>\n",
       "    <tr>\n",
       "      <th>12</th>\n",
       "      <td>0.883438</td>\n",
       "      <td>0.884244</td>\n",
       "      <td>3.656821</td>\n",
       "      <td>3.656821</td>\n",
       "      <td>10.710878</td>\n",
       "      <td>0.32</td>\n",
       "    </tr>\n",
       "    <tr>\n",
       "      <th>11</th>\n",
       "      <td>0.880601</td>\n",
       "      <td>0.883209</td>\n",
       "      <td>3.682496</td>\n",
       "      <td>3.682496</td>\n",
       "      <td>10.657151</td>\n",
       "      <td>0.31</td>\n",
       "    </tr>\n",
       "    <tr>\n",
       "      <th>10</th>\n",
       "      <td>0.878487</td>\n",
       "      <td>0.882506</td>\n",
       "      <td>3.721583</td>\n",
       "      <td>3.721583</td>\n",
       "      <td>10.676183</td>\n",
       "      <td>0.30</td>\n",
       "    </tr>\n",
       "    <tr>\n",
       "      <th>9</th>\n",
       "      <td>0.877667</td>\n",
       "      <td>0.881129</td>\n",
       "      <td>3.743012</td>\n",
       "      <td>3.743012</td>\n",
       "      <td>10.701602</td>\n",
       "      <td>0.29</td>\n",
       "    </tr>\n",
       "    <tr>\n",
       "      <th>7</th>\n",
       "      <td>0.869149</td>\n",
       "      <td>0.878091</td>\n",
       "      <td>3.774726</td>\n",
       "      <td>3.774726</td>\n",
       "      <td>10.435116</td>\n",
       "      <td>0.27</td>\n",
       "    </tr>\n",
       "    <tr>\n",
       "      <th>6</th>\n",
       "      <td>0.870988</td>\n",
       "      <td>0.876415</td>\n",
       "      <td>3.699061</td>\n",
       "      <td>3.699061</td>\n",
       "      <td>10.298561</td>\n",
       "      <td>0.26</td>\n",
       "    </tr>\n",
       "    <tr>\n",
       "      <th>5</th>\n",
       "      <td>0.869018</td>\n",
       "      <td>0.876053</td>\n",
       "      <td>3.750006</td>\n",
       "      <td>3.750006</td>\n",
       "      <td>10.361576</td>\n",
       "      <td>0.25</td>\n",
       "    </tr>\n",
       "    <tr>\n",
       "      <th>2</th>\n",
       "      <td>0.853353</td>\n",
       "      <td>0.875686</td>\n",
       "      <td>3.840790</td>\n",
       "      <td>3.840790</td>\n",
       "      <td>10.029597</td>\n",
       "      <td>0.22</td>\n",
       "    </tr>\n",
       "    <tr>\n",
       "      <th>4</th>\n",
       "      <td>0.863064</td>\n",
       "      <td>0.869676</td>\n",
       "      <td>3.802159</td>\n",
       "      <td>3.802159</td>\n",
       "      <td>10.274751</td>\n",
       "      <td>0.24</td>\n",
       "    </tr>\n",
       "    <tr>\n",
       "      <th>3</th>\n",
       "      <td>0.857742</td>\n",
       "      <td>0.868238</td>\n",
       "      <td>3.805769</td>\n",
       "      <td>3.805769</td>\n",
       "      <td>10.090292</td>\n",
       "      <td>0.23</td>\n",
       "    </tr>\n",
       "    <tr>\n",
       "      <th>1</th>\n",
       "      <td>0.846237</td>\n",
       "      <td>0.864900</td>\n",
       "      <td>3.897179</td>\n",
       "      <td>3.897179</td>\n",
       "      <td>9.938589</td>\n",
       "      <td>0.21</td>\n",
       "    </tr>\n",
       "    <tr>\n",
       "      <th>0</th>\n",
       "      <td>0.841885</td>\n",
       "      <td>0.861426</td>\n",
       "      <td>3.960636</td>\n",
       "      <td>3.960636</td>\n",
       "      <td>9.960430</td>\n",
       "      <td>0.20</td>\n",
       "    </tr>\n",
       "  </tbody>\n",
       "</table>\n",
       "</div>"
      ],
      "text/plain": [
       "       lr_r2     rf_r2   lr_rmse   rf_rmse  baseline_rmse  test_size\n",
       "17  0.894723  0.894755  3.514015  3.514015      10.830216       0.37\n",
       "15  0.891304  0.894318  3.565214  3.565214      10.813811       0.35\n",
       "16  0.892495  0.892224  3.545713  3.545713      10.814050       0.36\n",
       "19  0.896490  0.891423  3.453970  3.453970      10.735633       0.39\n",
       "18  0.894875  0.890893  3.484221  3.484221      10.746128       0.38\n",
       "14  0.888441  0.889251  3.584061  3.584061      10.730581       0.34\n",
       "13  0.887084  0.888741  3.624174  3.624174      10.785277       0.33\n",
       "8   0.875611  0.885082  3.743734  3.743734      10.614847       0.28\n",
       "12  0.883438  0.884244  3.656821  3.656821      10.710878       0.32\n",
       "11  0.880601  0.883209  3.682496  3.682496      10.657151       0.31\n",
       "10  0.878487  0.882506  3.721583  3.721583      10.676183       0.30\n",
       "9   0.877667  0.881129  3.743012  3.743012      10.701602       0.29\n",
       "7   0.869149  0.878091  3.774726  3.774726      10.435116       0.27\n",
       "6   0.870988  0.876415  3.699061  3.699061      10.298561       0.26\n",
       "5   0.869018  0.876053  3.750006  3.750006      10.361576       0.25\n",
       "2   0.853353  0.875686  3.840790  3.840790      10.029597       0.22\n",
       "4   0.863064  0.869676  3.802159  3.802159      10.274751       0.24\n",
       "3   0.857742  0.868238  3.805769  3.805769      10.090292       0.23\n",
       "1   0.846237  0.864900  3.897179  3.897179       9.938589       0.21\n",
       "0   0.841885  0.861426  3.960636  3.960636       9.960430       0.20"
      ]
     },
     "execution_count": 12,
     "metadata": {},
     "output_type": "execute_result"
    }
   ],
   "source": [
    "scores_df.sort_values('rf_r2', ascending=False)"
   ]
  },
  {
   "cell_type": "code",
   "execution_count": 13,
   "id": "0b0216e4-26f0-4e58-a70a-57b861aa2ad4",
   "metadata": {},
   "outputs": [
    {
     "data": {
